contactLoads=on
tick wallMs/tick | broad narrow solver record sleep | structTick commit | awake/bodies contacts | instances actors | loadMs solveMs candMs (sum over instances)
  10      55.8 |    0.0    0.0    0.0    0.0   0.0 |     53.1     2.7 |    0/3         0 |   1     1 |     0.6    51.6    0.3
  20      52.1 |    0.0    0.0    0.0    0.0   0.0 |     49.7     2.3 |    0/3         0 |   1     1 |     0.2    48.8    0.3
  30      63.3 |    0.0    0.0    0.0    0.0   0.0 |     60.4     2.9 |    0/3         0 |   1     1 |     0.4    59.1    0.3
  40      59.1 |    0.0    0.0    0.0    0.0   0.0 |     56.4     2.7 |    0/3         0 |   1     1 |     0.3    55.2    0.4
  50      61.6 |    0.0    0.0    0.0    0.0   0.0 |     58.8     2.8 |    0/3         0 |   1     1 |     0.3    57.6    0.4
  60      71.0 |    0.0    0.3    0.2    0.0   0.0 |     61.3     9.1 |   22/25      249 |   1    29 |     0.5    60.0    0.3
     split/tick: gather 0.6 scan 0.2 extract 1.7 shape 0.1 gpu 3.0 bind 0.0 trace 0.0 | commits 4 owners 32 unchanged 28 created 28 (window totals)
  70      63.6 |    0.5    2.5    6.1    0.3   0.0 |     40.1    13.7 |   82/85      894 |   1    83 |     2.3    37.0    0.4
     split/tick: gather 1.4 scan 0.1 extract 0.2 shape 0.1 gpu 5.2 bind 0.0 trace 0.0 | commits 9 owners 519 unchanged 502 created 54 (window totals)
  80      40.0 |    0.9    3.9    8.0    0.3   0.0 |     20.0     6.5 |   87/90      896 |   1    88 |     3.0    16.1    0.4
     split/tick: gather 0.7 scan 0.0 extract 0.1 shape 0.0 gpu 1.5 bind 0.0 trace 0.0 | commits 4 owners 339 unchanged 335 created 5 (window totals)
  90      51.4 |    1.0    4.2    7.7    0.3   0.0 |     26.4    11.2 |   95/98      937 |   1    96 |     2.8    22.7    0.4
     split/tick: gather 0.7 scan 0.8 extract 0.1 shape 3.3 gpu 1.4 bind 0.0 trace 0.0 | commits 4 owners 364 unchanged 360 created 8 (window totals)
 100      44.5 |    1.2    4.6    8.4    0.4   0.0 |     25.3     4.1 |   96/99      939 |   1    97 |     2.8    21.6    0.4
     split/tick: gather 0.1 scan 0.0 extract 0.0 shape 0.0 gpu 0.4 bind 0.0 trace 0.0 | commits 1 owners 96 unchanged 95 created 1 (window totals)
 110      36.9 |    1.2    4.6    8.4    0.3   0.0 |     19.2     2.4 |   95/100     942 |   1    98 |     2.8    15.7    0.1
     split/tick: gather 0.2 scan 0.0 extract 0.0 shape 0.0 gpu 0.5 bind 0.0 trace 0.0 | commits 1 owners 97 unchanged 96 created 1 (window totals)
 120      35.5 |    1.2    5.7    8.9    0.3   0.0 |     15.4     3.3 |   94/100     943 |   1    98 |     3.2    11.1    0.5
 130      30.1 |    1.1    4.3    8.2    0.3   0.0 |     13.2     2.4 |   89/100     892 |   1    98 |     2.8     9.6    0.3
 140      26.5 |    1.1    4.0    7.4    0.3   0.0 |     10.4     2.6 |   86/100     880 |   1    98 |     2.6     7.0    0.4
 150      26.9 |    1.1    4.0    7.0    0.3   0.0 |     11.7     2.2 |   83/100     856 |   1    98 |     2.8     8.1    0.3
 160      24.5 |    1.0    3.9    6.2    0.3   0.0 |     10.3     2.2 |   83/100     856 |   1    98 |     2.8     6.8    0.3
 170      25.7 |    0.9    4.0    6.2    0.2   0.0 |     11.4     2.4 |   82/100     849 |   1    98 |     2.7     8.0    0.3
 180      24.3 |    0.9    3.8    6.2    0.2   0.0 |     10.4     2.3 |   82/100     847 |   1    98 |     2.9     6.8    0.3
 190      26.1 |    0.9    3.9    6.3    0.2   0.0 |     11.8     2.5 |   79/100     835 |   1    98 |     2.7     8.3    0.3
 200      23.5 |    1.0    3.9    6.4    0.2   0.0 |     10.5     1.0 |   79/100     831 |   1    98 |     3.2     6.8    0.1
 210      22.3 |    0.9    3.8    6.6    0.2   0.0 |      9.0     1.3 |   78/100     827 |   1    98 |     2.3     6.0    0.2
 220      20.0 |    0.9    3.8    6.3    0.2   0.0 |      8.2     0.0 |   78/100     827 |   1    98 |     2.9     5.0    0.0
 230      20.3 |    0.9    3.8    6.7    0.2   0.0 |      8.1     0.0 |   78/100     827 |   1    98 |     2.8     4.8    0.0
 240      22.2 |    0.9    3.7    6.4    0.2   0.0 |      8.2     2.2 |   78/100     827 |   1    98 |     2.7     4.8    0.3
 250      20.2 |    0.9    3.8    6.5    0.2   0.0 |      8.2     0.0 |   78/100     827 |   1    98 |     2.7     5.1    0.0
 260      21.3 |    0.9    3.6    6.5    0.2   0.0 |      8.1     1.4 |   78/100     827 |   1    98 |     2.9     4.6    0.2
 270      21.3 |    0.8    3.7    6.4    0.2   0.0 |      8.3     1.3 |   78/100     827 |   1    98 |     2.8     4.9    0.2
 280      19.3 |    0.8    3.7    5.9    0.2   0.0 |      7.4     0.7 |   78/100     828 |   1    98 |     2.5     4.4    0.1
 290      24.2 |    1.0    4.0    6.8    0.2   0.0 |      9.0     2.7 |   78/100     827 |   1    98 |     2.7     5.4    0.4
 300       7.6 |    0.3    0.9    0.7    0.0   0.0 |      4.2     1.3 |    2/100       5 |   1    98 |     1.0     2.6    0.2
